entailment	wmf	lmf	lpf	b2f	b3f	b4f	tdf
d	c	c	c	c	c	c	c
class							
NO	0.0306289881495	0.307692307692	0.0	0.0	0.0	0.0	0.0654929225876
YES	0.66413687915	0.846153846154	0.0	0.333333333333	0.125	0.0	0.873157800932
NO	0.627647431833	0.692307692308	0.0	0.444444444444	0.375	0.285714285714	0.402210230207
NO	0.801647945396	0.8125	0.0	0.75	0.727272727273	0.7	0.249936296273
YES	0.142766624102	0.625	0.0	0.25	0.181818181818	0.1	0.34714683672
YES	0.629132775958	0.916666666667	0.0	0.555555555556	0.375	0.142857142857	0.997894778478
NO	0.344489666721	0.909090909091	0.0	0.285714285714	0.0	0.0	0.521618127882
NO	0.790694256308	0.705882352941	0.0	0.230769230769	0.0833333333333	0.0	0.159954050229
YES	0.656484204683	0.928571428571	0.0	0.4	0.111111111111	0.0	0.822694310815
NO	0.164455391035	0.75	0.0	0.181818181818	0.1	0.0	0.154181130794
NO	0.402556353511	0.833333333333	0.0	0.5	0.285714285714	0.0	0.611322482967
NO	0.974867247935	0.666666666667	0.0	0.2	0.0	0.0	0.573094278991
YES	0.976037686582	0.769230769231	0.0	0.333333333333	0.125	0.0	0.208405064812
NO	0.29376115641	0.428571428571	0.0	0.142857142857	0.0	0.0	0.416596342622
YES	0.00948040109389	0.384615384615	0.0	0.0	0.0	0.0	0.0210141258339
NO	0.000894499175948	0.636363636364	0.0	0.0	0.0	0.0	0.170406007853
YES	0.742829930278	0.733333333333	0.0	0.636363636364	0.6	0.555555555556	0.517334667826
YES	0.247143638854	0.8	0.0	0.333333333333	0.2	0.0	0.829814507184
NO	0.0401093892434	0.384615384615	0.0	0.0	0.0	0.0	0.0654929225876
NO	0.225539978212	0.7	0.0	0.0	0.0	0.0	0.450724451084
YES	0.262705477096	0.555555555556	0.0	0.0714285714286	0.0	0.0	0.359758591278
NO	0.444492654399	0.6875	0.0	0.333333333333	0.181818181818	0.1	0.253852044633
NO	0.936051899907	0.777777777778	0.0	0.4	0.0	0.0	0.498631506736
YES	0.210416835211	1.0	0.0	0.333333333333	0.2	0.0	0.674929930057
YES	0.0835256788994	0.727272727273	0.0	0.142857142857	0.0	0.0	0.434291767248
YES	0.134541517253	0.615384615385	0.0	0.421052631579	0.333333333333	0.235294117647	0.287758479025
NO	0.737149968886	1.0	0.0	0.75	0.428571428571	0.333333333333	0.515587149338
YES	0.718280265954	0.8125	0.0	0.636363636364	0.5	0.333333333333	0.994022605541
NO	0.367373835669	0.619047619048	0.0	0.133333333333	0.0	0.0	0.162683398751
YES	0.00157980170856	0.625	0.0	0.0	0.0	0.0	0.159937366227
YES	0.570883838314	0.8	0.0	0.333333333333	0.2	0.0	0.783211060482
YES	0.460150530153	0.75	0.0	0.0	0.0	0.0	0.617948297322
YES	0.560477651936	0.8	0.0	0.166666666667	0.0	0.0	0.765869258859
YES	0.736709564424	0.928571428571	0.0	0.7	0.555555555556	0.5	0.513755381761
NO	0.69241622575	1.0	0.0	0.833333333333	0.6	0.25	1.0
YES	0.309545857249	1.0	0.0	0.857142857143	0.833333333333	0.8	1.0
NO	0.559783635136	0.764705882353	0.0	0.153846153846	0.0	0.0	0.285291800317
YES	0.599708879185	0.909090909091	0.0	0.571428571429	0.333333333333	0.2	0.615779727006
NO	0.261647039007	0.636363636364	0.0	0.133333333333	0.0714285714286	0.0	0.195411297235
YES	0.0532876078524	0.4	0.0	0.0	0.0	0.0	0.00815485098367
NO	0.323073969798	0.666666666667	0.0	0.0	0.0	0.0	0.567874098936
NO	0.413113054635	0.5	0.0	0.2	0.111111111111	0.0	0.0744646036429
YES	0.110071091119	0.7	0.0	0.333333333333	0.0	0.0	0.452262766333
NO	0.695071400339	0.928571428571	0.0	0.4	0.222222222222	0.125	0.531192313291
YES	0.39508414795	0.818181818182	0.0	0.25	0.0	0.0	0.38351610099
NO	0.356985941506	0.846153846154	0.0	0.333333333333	0.125	0.0	0.360735711145
YES	1.0	1.0	0.0	0.666666666667	0.6	0.5	0.674929930057
NO	0.575754787476	0.888888888889	0.0	0.4	0.0	0.0	0.339518227387
NO	0.515972192987	0.8	0.0	0.0	0.0	0.0	0.145897357063
YES	0.587181034375	0.947368421053	0.0	0.384615384615	0.25	0.181818181818	0.361392484244
NO	0.713030581867	0.9	0.0	0.0	0.0	0.0	0.54788594328
NO	0.332529994453	0.75	0.0	0.0	0.0	0.0	0.208567307655
NO	0.637706808165	0.846153846154	0.0	0.444444444444	0.375	0.285714285714	0.757398659568
NO	0.0942750188487	1.0	0.0	0.333333333333	0.2	0.0	1.0
NO	0.352497916023	0.705882352941	0.0	0.384615384615	0.166666666667	0.0	0.108610185016
NO	0.627496439416	0.857142857143	0.0	0.3	0.111111111111	0.0	0.613773727467
NO	0.326511740639	0.457142857143	0.0	0.137931034483	0.0	0.0	0.200854923008
YES	0.490631505899	0.8	0.0	0.333333333333	0.0	0.0	0.703691908618
NO	0.149573764123	1.0	0.0	0.714285714286	0.666666666667	0.6	0.897959726941
NO	0.262947027523	0.857142857143	0.0	0.555555555556	0.375	0.285714285714	0.521826762067
YES	0.973173612283	0.923076923077	0.0	0.555555555556	0.375	0.142857142857	0.845392606488
YES	0.118641483866	0.5	0.0	0.0	0.0	0.0	0.169918482209
YES	0.325242925379	0.8	0.0	0.166666666667	0.0	0.0	0.497950182559
YES	0.641901372301	1.0	0.0	0.571428571429	0.5	0.4	0.981143318949
YES	0.217047729428	0.75	0.0	0.0	0.0	0.0	0.397857673482
NO	0.0393234855828	0.625	0.0	0.0	0.0	0.0	0.407920254396
NO	0.0602482477423	0.533333333333	0.0	0.2	0.111111111111	0.0	0.108958111167
YES	0.262525557425	1.0	0.0	0.6	0.5	0.333333333333	0.997894627767
NO	0.0843314984395	0.375	0.0	0.0625	0.0	0.0	0.0451815792861
NO	0.000825310779131	0.727272727273	0.0	0.142857142857	0.0	0.0	0.388560025881
YES	0.683951965309	0.909090909091	0.0	0.142857142857	0.0	0.0	0.776873222423
YES	0.184640584633	0.75	0.0	0.125	0.0	0.0	0.511484649045
YES	0.371397336275	0.809523809524	0.0	0.3125	0.133333333333	0.0	0.471841655558
NO	0.105677453444	0.5	0.0	0.0	0.0	0.0	0.135445672768
YES	0.351949908896	0.833333333333	0.0	0.5	0.285714285714	0.166666666667	0.567382713524
YES	0.650171759922	1.0	0.0	0.538461538462	0.333333333333	0.181818181818	0.447207860806
YES	0.494654383771	0.833333333333	0.0	0.125	0.0	0.0	0.438209718603
YES	0.325251483105	0.666666666667	0.0	0.2	0.0	0.0	0.486160384645
YES	0.036935418638	0.8	0.0	0.0	0.0	0.0	0.675524658645
YES	0.615600094889	0.909090909091	0.0	0.714285714286	0.333333333333	0.0	0.392603634636
YES	0.584343853698	0.826086956522	0.0	0.578947368421	0.388888888889	0.235294117647	0.446142680469
NO	0.0271941654815	0.432432432432	0.0	0.2	0.137931034483	0.107142857143	0.0646405511153
NO	0.249510713212	0.526315789474	0.0	0.0	0.0	0.0	0.126675826403
NO	0.733524173709	0.9375	0.0	0.5	0.181818181818	0.1	0.398550288076
YES	0.312730707377	0.8	0.0	0.166666666667	0.0	0.0	0.543912632363
YES	0.288862221693	0.483870967742	0.0	0.05	0.0	0.0	0.0585518900046
YES	0.67802690583	0.636363636364	0.0	0.285714285714	0.166666666667	0.0	0.651294416339
YES	0.262200059589	0.916666666667	0.0	0.5	0.428571428571	0.333333333333	0.424097942904
NO	0.194051868844	0.684210526316	0.0	0.133333333333	0.0	0.0	0.195284427142
NO	0.244363429888	0.5	0.0	0.125	0.0	0.0	0.15161833357
YES	0.327289689075	0.636363636364	0.0	0.142857142857	0.0	0.0	0.436067535761
YES	0.355435571061	0.7	0.0	0.538461538462	0.416666666667	0.363636363636	0.451606988877
YES	0.70654116381	0.846153846154	0.0	0.333333333333	0.125	0.0	0.94197523282
YES	0.0393234855828	0.625	0.0	0.0	0.0	0.0	0.407920254396
NO	0.6159282179	0.857142857143	0.0	0.5	0.444444444444	0.375	0.386614080231
YES	0.0527762104641	0.4	0.0	0.0	0.0	0.0	0.00815485098367
YES	0.76847867615	0.692307692308	0.0	0.333333333333	0.125	0.0	0.395065910444
NO	0.643899862338	0.666666666667	0.0	0.25	0.142857142857	0.0	0.544357369164
NO	0.0129549660703	0.444444444444	0.0	0.0	0.0	0.0	0.0967924168579
YES	0.343677535077	0.733333333333	0.0	0.181818181818	0.0	0.0	0.223239712001
YES	0.74933047819	0.75	0.0	0.375	0.285714285714	0.166666666667	0.323439979623
NO	0.00453054455471	1.0	0.0	0.0	0.0	0.0	0.507382833387
YES	0.0	0.5	0.0	0.0	0.0	0.0	0.262759356932
NO	0.656783185418	0.846153846154	0.0	0.333333333333	0.125	0.0	0.767586617782
NO	0.000453408477437	0.4	0.0	0.0	0.0	0.0	0.264487055136
YES	0.285145219336	0.888888888889	0.0	0.2	0.0	0.0	0.975871970913
YES	0.660703269587	0.777777777778	0.0	0.2	0.0	0.0	0.729819239653
NO	0.788011110703	0.833333333333	0.0	0.5	0.285714285714	0.166666666667	0.632373091733
YES	0.672380027573	0.807692307692	0.0	0.545454545455	0.380952380952	0.25	0.330155163232
NO	0.0441675001332	0.8	0.0	0.333333333333	0.2	0.0	0.46308737305
NO	0.569138551845	1.0	0.0	0.428571428571	0.333333333333	0.2	1.0
YES	0.246688568499	1.0	0.0	0.5	0.4	0.25	1.0
NO	0.236452130536	0.518518518519	0.0	0.105263157895	0.0	0.0	0.0929158549977
NO	0.0185122641605	0.666666666667	0.0	0.125	0.0	0.0	0.276409937013
YES	0.195343362189	0.916666666667	0.0	0.5	0.285714285714	0.0	0.748954256798
YES	0.909688200106	0.8	0.0	0.333333333333	0.2	0.0	0.205060958542
NO	0.117574284344	0.571428571429	0.0	0.0714285714286	0.0	0.0	0.168002257569
YES	0.284216300586	0.833333333333	0.0	0.461538461538	0.333333333333	0.272727272727	0.516849872436
YES	0.503984592086	0.909090909091	0.0	0.571428571429	0.333333333333	0.2	0.849844787431
NO	0.104249655513	0.777777777778	0.0	0.2	0.0	0.0	0.266224056591
NO	0.167493859575	0.75	0.0	0.0	0.0	0.0	0.523281357429
NO	0.0519113893892	0.6	0.0	0.0	0.0	0.0	0.289673769798
YES	0.824362341768	0.666666666667	0.0	0.642857142857	0.461538461538	0.25	0.343167752278
YES	0.41478476105	0.714285714286	0.0	0.136363636364	0.0	0.0	0.501407928642
NO	0.454731341588	0.75	0.0	0.375	0.285714285714	0.166666666667	0.691524220987
NO	0.487620651197	0.714285714286	0.0	0.125	0.0	0.0	0.55721024892
NO	0.0667817882928	0.727272727273	0.0	0.285714285714	0.166666666667	0.0	0.558710010282
NO	0.404401471983	0.682926829268	0.0	0.382352941176	0.30303030303	0.21875	0.291502123994
YES	0.389387755102	0.692307692308	0.0	0.222222222222	0.0	0.0	0.528724714937
YES	0.00102192690157	0.785714285714	0.0	0.142857142857	0.0	0.0	0.547745473922
NO	0.0152567554421	0.52380952381	0.0	0.09375	0.0	0.0	0.0262697396597
YES	0.689155346934	0.923076923077	0.0	0.555555555556	0.375	0.142857142857	0.705054196586
NO	0.565333064241	0.545454545455	0.0	0.222222222222	0.117647058824	0.0	0.407808355306
NO	0.46993117907	0.666666666667	0.0	0.25	0.0	0.0	0.84907891819
YES	0.509607600981	0.785714285714	0.0	0.4	0.222222222222	0.125	0.916985788611
NO	0.498409675826	0.9	0.0	0.333333333333	0.0	0.0	0.396932685183
YES	0.0345033461111	0.636363636364	0.0	0.142857142857	0.0	0.0	0.222367247416
YES	0.663170882171	0.888888888889	0.0	0.2	0.0	0.0	0.839955466509
NO	0.123027546301	0.833333333333	0.0	0.357142857143	0.153846153846	0.0833333333333	0.295881022042
NO	0.0	0.416666666667	0.0	0.0	0.0	0.0	0.00999843017181
NO	0.012950156184	0.5	0.0	0.0	0.0	0.0	0.681097100158
NO	0.584647109692	0.846153846154	0.0	0.444444444444	0.375	0.285714285714	0.447474434902
YES	0.51327274029	0.933333333333	0.0	0.6	0.444444444444	0.25	0.494703828366
YES	0.32680164939	0.416666666667	0.0	0.0	0.0	0.0	0.459551785954
NO	0.355711965349	0.9	0.0	0.166666666667	0.0	0.0	0.836218742444
YES	0.112059421665	0.818181818182	0.0	0.428571428571	0.333333333333	0.2	0.261973009991
YES	0.713128981493	0.8	0.0	0.333333333333	0.2	0.0	0.709284578735
NO	0.042800931441	0.7	0.0	0.0	0.0	0.0	0.456428261668
YES	0.0895701616053	0.75	0.0	0.0	0.0	0.0	0.407920254396
YES	0.184494124547	0.727272727273	0.0	0.285714285714	0.0	0.0	0.610580294443
YES	0.691008655879	0.7	0.0	0.5	0.2	0.0	0.188955781108
NO	0.514318502746	0.8	0.0	0.333333333333	0.0	0.0	0.718942978479
YES	0.384541176235	0.7	0.0	0.5	0.2	0.0	0.299809939335
YES	0.345713318167	0.65	0.0	0.0714285714286	0.0	0.0	0.349057538069
YES	0.283089830754	0.777777777778	0.0	0.2	0.0	0.0	0.718624601971
NO	0.111604664076	0.857142857143	0.0	0.0	0.0	0.0	0.350814095669
YES	0.817501031196	0.714285714286	0.0	0.5	0.333333333333	0.125	0.888822217488
NO	0.947182822768	0.818181818182	0.0	0.428571428571	0.333333333333	0.2	0.930263461038
NO	0.311559058034	0.545454545455	0.0	0.142857142857	0.0	0.0	0.363987382225
NO	0.10959369371	0.604651162791	0.0	0.212121212121	0.125	0.0645161290323	0.361637513286
NO	0.132335975409	0.666666666667	0.0	0.142857142857	0.0769230769231	0.0	0.205441756682
YES	0.999713160865	0.916666666667	0.0	0.571428571429	0.166666666667	0.0	0.610025837162
YES	0.522707560575	0.888888888889	0.0	0.2	0.0	0.0	0.997692176632
NO	0.0129549660703	0.333333333333	0.0	0.0	0.0	0.0	0.00301066533268
YES	0.517210707325	0.684210526316	0.0	0.333333333333	0.272727272727	0.2	0.398615382165
YES	0.521195215791	0.9	0.0	0.0	0.0	0.0	0.694602125411
NO	0.341337498894	0.8	0.0	0.166666666667	0.0	0.0	0.211885750004
NO	0.0629391393682	0.5	0.0	0.0952380952381	0.05	0.0	0.131101638843
NO	0.573331560449	0.9	0.0	0.333333333333	0.2	0.0	0.989204579101
YES	0.46268877007	0.882352941176	0.0	0.461538461538	0.166666666667	0.0	0.576159379793
NO	0.388414434424	0.666666666667	0.0	0.333333333333	0.125	0.0	0.369765496331
NO	0.762725864257	0.846153846154	0.0	0.555555555556	0.375	0.142857142857	0.962508213399
NO	0.78877139987	1.0	0.0	0.846153846154	0.833333333333	0.818181818182	0.798703460083
YES	0.523374133609	0.888888888889	0.0	0.2	0.0	0.0	0.944460487697
NO	0.570483717348	0.727272727273	0.0	0.142857142857	0.0	0.0	0.270283502004
YES	0.0650357975862	0.916666666667	0.0	0.25	0.0	0.0	0.482492762409
YES	0.619650313071	0.866666666667	0.0	0.25	0.0	0.0	0.898552356856
YES	0.573563491592	0.5	0.0	0.166666666667	0.0	0.0	0.284476270173
YES	0.114031318665	0.8	0.0	0.0	0.0	0.0	0.577960348671
NO	0.33072850668	0.363636363636	0.0	0.12	0.0416666666667	0.0	0.116494407742
NO	0.335551072017	0.777777777778	0.0	0.357142857143	0.230769230769	0.166666666667	0.423657434138
YES	0.263724766176	0.909090909091	0.0	0.142857142857	0.0	0.0	0.674444394963
NO	0.999723149483	1.0	0.0	0.333333333333	0.2	0.0	0.761956643851
YES	0.18658890579	0.833333333333	0.0	0.25	0.142857142857	0.0	0.595433588281
YES	0.00673535127652	1.0	0.0	0.0	0.0	0.0	0.504759161314
NO	0.00609262163699	0.666666666667	0.0	0.0	0.0	0.0	0.749357924141
NO	0.500552786237	0.7	0.0	0.166666666667	0.0	0.0	0.143931182777
NO	0.224505030723	0.416666666667	0.0	0.172413793103	0.0714285714286	0.037037037037	0.182322905958
NO	0.189292416076	0.526315789474	0.0	0.0357142857143	0.0	0.0	0.178278795087
YES	0.167493859575	0.5	0.0	0.0	0.0	0.0	0.169918482209
NO	0.124785920731	0.833333333333	0.0	0.625	0.571428571429	0.5	0.779696314805
YES	0.394155844863	0.636363636364	0.0	0.0	0.0	0.0	0.791566839253
NO	0.0	0.25	0.0	0.0	0.0	0.0	0.162428010422
NO	0.788571696226	0.846153846154	0.0	0.555555555556	0.25	0.142857142857	0.414450772755
NO	0.193449816237	0.428571428571	0.0	0.0645161290323	0.0333333333333	0.0	0.143631260514
NO	0.0755523403754	0.466666666667	0.0	0.0909090909091	0.0	0.0	0.397152014426
YES	0.381749508208	0.727272727273	0.0	0.285714285714	0.166666666667	0.0	0.398988666154
NO	0.114031318665	0.8	0.0	0.166666666667	0.0	0.0	0.221931224448
YES	0.891113894033	0.857142857143	0.0	0.642857142857	0.461538461538	0.333333333333	0.555444462455
YES	0.158789166893	0.761904761905	0.0	0.142857142857	0.0769230769231	0.0	0.353004878519
YES	0.841572617895	0.875	0.0	0.730769230769	0.64	0.541666666667	0.635013179083
YES	0.333410765416	0.777777777778	0.0	0.4	0.25	0.0	0.332488986931
YES	0.191369558641	0.75	0.0	0.125	0.0	0.0	0.349514481432
NO	0.202309969099	0.647058823529	0.0	0.190476190476	0.05	0.0	0.0509533785646
NO	0.182621336628	0.727272727273	0.0	0.142857142857	0.0	0.0	0.507241092458
YES	0.124165838109	0.818181818182	0.0	0.142857142857	0.0	0.0	0.745495756421
YES	0.0	0.75	0.0	0.0	0.0	0.0	0.559882015205
NO	0.108166677453	0.6	0.0	0.363636363636	0.3	0.222222222222	0.306174983761
NO	0.000551852952413	0.625	0.0	0.0	0.0	0.0	0.321532672394
YES	0.348679602506	0.8	0.0	0.166666666667	0.0	0.0	0.888660954549
NO	0.621007604804	0.75	0.0	0.125	0.0	0.0	0.383157892519
YES	0.50803223654	0.928571428571	0.0	0.6	0.333333333333	0.125	0.513787032205
NO	0.300646737616	0.818181818182	0.0	0.142857142857	0.0	0.0	0.605655878494
YES	0.652917959904	0.666666666667	0.0	0.125	0.0	0.0	0.915078992516
NO	0.984063232925	0.888888888889	0.0	0.714285714286	0.615384615385	0.583333333333	0.876853126387
YES	0.334611805923	0.888888888889	0.0	0.4	0.25	0.0	0.558728775949
YES	0.708214381144	1.0	0.0	0.875	0.857142857143	0.833333333333	1.0
YES	0.298804780876	0.6	0.0	0.333333333333	0.2	0.0	0.129781270478
YES	0.0488523757093	0.625	0.0	0.0	0.0	0.0	0.169918482209
YES	0.381789398581	0.909090909091	0.0	0.142857142857	0.0	0.0	0.607377662589
NO	0.665545846538	0.888888888889	0.0	0.2	0.0	0.0	0.724022726188
NO	0.222145088511	0.6	0.0	0.166666666667	0.0	0.0	0.30012892918
NO	0.4	0.857142857143	0.0	0.0	0.0	0.0	0.827677771724
YES	0.151100742797	0.923076923077	0.0	0.333333333333	0.125	0.0	0.927216472364
NO	0.592869754272	0.846153846154	0.0	0.333333333333	0.25	0.142857142857	0.632675677195
NO	0.392618645756	0.857142857143	0.0	0.5	0.444444444444	0.375	0.603062668501
NO	0.797025537104	0.666666666667	0.0	0.2	0.0	0.0	0.495747627234
NO	0.00123372369498	0.7	0.0	0.0	0.0	0.0	0.174101904261
NO	1.0	1.0	0.0	0.833333333333	0.6	0.25	0.737471252344
NO	0.486994162707	0.8	0.0	0.166666666667	0.0	0.0	0.539916220306
YES	0.57711833294	0.846153846154	0.0	0.444444444444	0.25	0.142857142857	0.532743546608
NO	0.00125788687695	0.7	0.0	0.0	0.0	0.0	0.324325703194
NO	0.695582803497	0.533333333333	0.0	0.391304347826	0.227272727273	0.142857142857	0.252982018355
YES	0.566453182419	0.833333333333	0.0	0.285714285714	0.230769230769	0.166666666667	0.346601873162
YES	0.0516511362101	0.4	0.0	0.0	0.0	0.0	0.0362968699576
NO	0.173637097085	0.5625	0.0	0.0833333333333	0.0	0.0	0.303708620594
NO	0.0559143498688	0.333333333333	0.0	0.0909090909091	0.0	0.0	0.142214863696
YES	0.413447004956	1.0	0.0	0.625	0.428571428571	0.333333333333	0.692646036404
YES	0.58863877195	0.714285714286	0.0	0.4	0.222222222222	0.125	0.695913270583
YES	0.506172839506	0.888888888889	0.0	0.4	0.0	0.0	0.333419473927
NO	0.0916978964618	0.529411764706	0.0	0.230769230769	0.0833333333333	0.0	0.0647090542266
NO	0.128768032962	0.475	0.0	0.0322580645161	0.0	0.0	0.0637777217897
NO	0.131176572864	0.619047619048	0.0	0.0	0.0	0.0	0.344073310557
YES	0.388624613909	0.615384615385	0.0	0.333333333333	0.125	0.0	0.140066935685
NO	0.0129549660703	0.555555555556	0.0	0.0	0.0	0.0	0.682928363891
NO	0.59987720943	0.916666666667	0.0	0.25	0.142857142857	0.0	0.386807454707
NO	0.388704318937	0.7	0.0	0.0	0.0	0.0	0.616585767587
NO	0.0983949093543	0.636363636364	0.0	0.0	0.0	0.0	0.259555500725
NO	0.671379449703	0.857142857143	0.0	0.4	0.222222222222	0.125	0.46320453115
NO	0.000371277413533	0.5	0.0	0.0	0.0	0.0	0.0992143565195
YES	0.137283500456	0.461538461538	0.0	0.111111111111	0.0	0.0	0.263219067927
YES	0.277710570317	0.8	0.0	0.285714285714	0.153846153846	0.0833333333333	0.86916445559
NO	0.131281068041	0.481481481481	0.0	0.166666666667	0.117647058824	0.0625	0.0359324218872
NO	0.676942078877	0.833333333333	0.0	0.25	0.142857142857	0.0	0.367438929256
NO	0.326215010065	0.818181818182	0.0	0.142857142857	0.0	0.0	0.722263394805
NO	0.115473344708	0.6	0.0	0.1	0.0	0.0	0.363396722886
NO	0.0519649967381	0.818181818182	0.0	0.0	0.0	0.0	0.086656244507
YES	0.000660368269087	0.363636363636	0.0	0.0	0.0	0.0	0.00106035759635
NO	0.470588235294	1.0	0.0	0.571428571429	0.333333333333	0.2	0.80031357504
NO	0.140640852678	0.615384615385	0.0	0.222222222222	0.125	0.0	0.214422969215
NO	0.111467044368	0.5625	0.0	0.0909090909091	0.0	0.0	0.203530090801
YES	0.592889537324	0.583333333333	0.0	0.375	0.142857142857	0.0	0.268246172171
NO	0.214904364289	0.818181818182	0.0	0.142857142857	0.0	0.0	0.45045066224
YES	0.0511397388218	0.3	0.0	0.0	0.0	0.0	0.00318861234121
NO	0.255128367836	0.636363636364	0.0	0.346153846154	0.28	0.25	0.343971624806
NO	0.544729834843	0.583333333333	0.0	0.25	0.142857142857	0.0	0.277510496017
YES	0.83686440678	1.0	0.0	0.692307692308	0.583333333333	0.545454545455	0.836504071776
NO	0.311837428022	0.727272727273	0.0	0.142857142857	0.0	0.0	0.625378125651
NO	0.0460986976012	0.409090909091	0.0	0.0555555555556	0.0	0.0	0.148307534024
YES	0.699667700254	0.9	0.0	0.5	0.2	0.0	0.602212899286
YES	0.102883582239	0.533333333333	0.0	0.0909090909091	0.0	0.0	0.166008490536
NO	0.799449880043	0.818181818182	0.0	0.285714285714	0.0	0.0	0.366499457445
NO	0.0376365599657	0.75	0.0	0.125	0.0	0.0	0.385747767097
YES	0.054839178463	0.75	0.0	0.2	0.111111111111	0.0	0.284475613844
YES	0.0986455412273	0.25	0.0	0.0	0.0	0.0	0.0521060559225
NO	0.699872904548	0.866666666667	0.0	0.636363636364	0.6	0.555555555556	0.826286136024
YES	0.371082717087	1.0	0.0	0.555555555556	0.25	0.142857142857	0.46944563181
NO	0.450464589285	0.555555555556	0.0	0.181818181818	0.0	0.0	0.391390399128
YES	0.461402056361	0.736842105263	0.0	0.266666666667	0.0714285714286	0.0	0.441737674013
YES	0.388047698976	0.722222222222	0.0	0.5	0.384615384615	0.333333333333	0.305978535675
YES	0.749616919504	0.9	0.0	0.333333333333	0.2	0.0	0.690400478209
YES	0.701778385773	0.555555555556	0.0	0.4	0.25	0.0	0.222139662968
NO	0.712809685715	0.888888888889	0.0	0.0	0.0	0.0	0.788695309134
YES	0.0319185895559	0.818181818182	0.0	0.0	0.0	0.0	0.457198605245
YES	0.279800793866	0.8	0.0	0.166666666667	0.0	0.0	0.490789294715
NO	0.235716959076	0.4375	0.0	0.115384615385	0.04	0.0	0.0723454301736
NO	0.21853923635	1.0	0.0	0.0	0.0	0.0	0.612425648509
YES	0.59975888505	0.909090909091	0.0	0.428571428571	0.166666666667	0.0	0.598241410837
NO	0.400067201248	0.846153846154	0.0	0.444444444444	0.25	0.142857142857	0.443500550352
YES	0.520192568265	0.833333333333	0.0	0.5	0.285714285714	0.166666666667	0.760965670153
YES	0.283410134917	0.777777777778	0.0	0.2	0.0	0.0	0.718624601971
NO	0.443883706452	0.535714285714	0.0	0.142857142857	0.05	0.0	0.115283534026
YES	0.0543913909229	0.333333333333	0.0	0.0	0.0	0.0	0.138407883401
YES	0.444831915918	0.8	0.0	0.166666666667	0.0	0.0	0.546283061149
YES	0.772263268217	0.869565217391	0.0	0.647058823529	0.4375	0.333333333333	0.585776349688
NO	0.611284356201	0.8	0.0	0.266666666667	0.142857142857	0.0769230769231	0.413379177148
YES	0.1794285757	0.625	0.0	0.0833333333333	0.0	0.0	0.308053177927
NO	0.0	0.4	0.0	0.0	0.0	0.0	0.0505712765604
NO	0.984370430544	0.714285714286	0.0	0.4	0.0	0.0	0.691553715573
NO	0.126114445044	1.0	0.0	0.2	0.0	0.0	0.825229713958
YES	0.666162789641	1.0	0.0	0.6	0.25	0.0	0.877477999641
YES	0.778075999174	0.923076923077	0.0	0.444444444444	0.25	0.142857142857	0.801225242213
NO	0.054839178463	0.75	0.0	0.1	0.0	0.0	0.283486136234
YES	0.173337766128	0.809523809524	0.0	0.214285714286	0.0	0.0	0.332678445979
NO	0.206608973505	0.666666666667	0.0	0.0	0.0	0.0	0.392905122137
NO	0.169073072368	0.5	0.0	0.307692307692	0.166666666667	0.0	0.0782710615993
YES	0.107707889235	0.6	0.0	0.0	0.0	0.0	0.456036287405
YES	0.317246348127	0.727272727273	0.0	0.142857142857	0.0	0.0	0.486342751787
YES	0.349245034231	0.785714285714	0.0	0.5	0.222222222222	0.125	0.234817132609
NO	0.179945183008	0.8	0.0	0.363636363636	0.3	0.222222222222	0.306174983761
YES	0.600557223436	1.0	0.0	0.2	0.0	0.0	0.521347573974
YES	0.355711965349	0.8	0.0	0.166666666667	0.0	0.0	0.724873491009
NO	0.512136405723	0.727272727273	0.0	0.285714285714	0.166666666667	0.0	0.332524160769
NO	0.666162789641	0.888888888889	0.0	0.2	0.0	0.0	0.239038323912
NO	0.470501483899	0.769230769231	0.0	0.333333333333	0.125	0.0	0.757949372216
NO	0.02144213585	0.472222222222	0.0	0.0769230769231	0.04	0.0	0.138755674312
NO	0.877789483998	0.705882352941	0.0	0.5	0.363636363636	0.3	0.879718998381
YES	0.998583767706	0.769230769231	0.0	0.666666666667	0.5	0.428571428571	0.859099946916
YES	0.626349184128	0.5	0.0	0.1875	0.0666666666667	0.0	0.0422784661966
NO	0.0757276203296	0.555555555556	0.0	0.178571428571	0.148148148148	0.115384615385	0.22947300654
NO	0.999393571862	1.0	0.0	0.6	0.25	0.0	0.849647669628
YES	0.0847380352539	0.533333333333	0.0	0.0	0.0	0.0	0.634512501751
NO	0.395079461454	0.789473684211	0.0	0.266666666667	0.0714285714286	0.0	0.401030499138
NO	0.590841151343	0.8	0.0	0.363636363636	0.3	0.222222222222	0.517247454408
NO	0.655385565498	0.642857142857	0.0	0.3	0.222222222222	0.125	0.613196312944
NO	0.0687028228216	0.421052631579	0.0	0.0	0.0	0.0	0.119172329115
YES	0.184678522572	0.777777777778	0.0	0.2	0.0	0.0	0.400016981418
YES	0.106443453392	0.75	0.0	0.0	0.0	0.0	0.143961671777
YES	0.275765791772	0.777777777778	0.0	0.285714285714	0.153846153846	0.0833333333333	0.572999572046
NO	0.2256072699	0.774193548387	0.0	0.238095238095	0.1	0.0	0.0825064828172
YES	1.0	1.0	0.0	0.666666666667	0.0	0.0	0.849205851075
YES	0.37523711204	0.785714285714	0.0	0.4	0.222222222222	0.125	0.62626781643
NO	0.0573113875383	0.6875	0.0	0.25	0.0909090909091	0.0	0.377789696064
YES	0.69304149367	1.0	0.0	0.666666666667	0.4	0.0	1.0
YES	1.0	1.0	0.0	1.0	1.0	1.0	1.0
NO	0.519239289235	0.888888888889	0.0	0.2	0.0	0.0	0.886504753899
YES	0.805001597048	0.875	0.0	0.608695652174	0.545454545455	0.47619047619	0.961837317576
YES	0.428937698098	0.727272727273	0.0	0.142857142857	0.0	0.0	0.381087149735
NO	0.125479709835	0.380952380952	0.0	0.0	0.0	0.0	0.027787219878
YES	0.619930108361	0.823529411765	0.0	0.461538461538	0.25	0.0	0.923089180788
YES	0.818320256427	0.882352941176	0.0	0.692307692308	0.5	0.272727272727	0.882308245559
YES	0.399880897947	0.909090909091	0.0	0.285714285714	0.0	0.0	0.413674151732
NO	0.453037552389	0.7	0.0	0.166666666667	0.0	0.0	0.611010477443
NO	0.0012060374968	0.75	0.0	0.0	0.0	0.0	0.247582133402
NO	0.325057471264	0.777777777778	0.0	0.2	0.0	0.0	0.772825490159
YES	0.0123119015048	0.444444444444	0.0	0.2	0.0	0.0	0.0442623445179
YES	0.385389470861	0.62962962963	0.0	0.222222222222	0.117647058824	0.0625	0.287558778779
NO	0.0190477682647	0.285714285714	0.0	0.0	0.0	0.0	0.0354429599604
NO	0.107876945613	0.461538461538	0.0	0.111111111111	0.0	0.0	0.174771459428
YES	0.904066442844	0.916666666667	0.0	0.25	0.142857142857	0.0	0.455825172326
NO	0.12187142513	0.583333333333	0.0	0.125	0.0	0.0	0.299669653517
NO	0.00123372369498	0.5	0.0	0.0	0.0	0.0	0.205060958542
NO	0.602635598859	0.857142857143	0.0	0.555555555556	0.375	0.142857142857	0.71087323232
YES	0.00329229993059	0.75	0.0	0.125	0.0	0.0	0.399784765763
YES	0.211207793303	0.636363636364	0.0	0.142857142857	0.0	0.0	0.367389394541
YES	0.181125749171	0.785714285714	0.0	0.1	0.0	0.0	0.403854876972
YES	0.032122373416	0.818181818182	0.0	0.142857142857	0.0	0.0	0.443116081907
YES	0.727021100429	0.928571428571	0.0	0.5	0.222222222222	0.125	0.561118478509
YES	0.246380857666	0.941176470588	0.0	0.583333333333	0.363636363636	0.2	0.87361182658
NO	0.48188790187	0.75	0.0	0.25	0.142857142857	0.0	0.246051461297
YES	0.720239267357	1.0	0.0	0.777777777778	0.625	0.571428571429	0.742322177473
YES	0.216959434642	0.75	0.0	0.0	0.0	0.0	0.383317657481
YES	0.0393234855828	0.75	0.0	0.0	0.0	0.0	0.277866599654
NO	0.123229394186	0.818181818182	0.0	0.142857142857	0.0	0.0	0.482337822201
NO	0.0399414837873	0.777777777778	0.0	0.0	0.0	0.0	0.58855204211
YES	0.528355153757	0.611111111111	0.0	0.214285714286	0.0769230769231	0.0	0.517397296263
YES	0.0393234855828	0.625	0.0	0.0	0.0	0.0	0.407920254396
NO	0.168959426972	0.591836734694	0.0	0.15625	0.0322580645161	0.0	0.0742287611747
YES	0.219243862425	0.428571428571	0.0	0.0	0.0	0.0	0.150719607052
NO	0.361979857527	0.636363636364	0.0	0.0	0.0	0.0	0.777940855961
YES	0.138574213563	0.619047619048	0.0	0.0714285714286	0.0	0.0	0.287720116797
YES	0.704336146867	0.818181818182	0.0	0.285714285714	0.0	0.0	0.928828201167
NO	0.643879001984	0.7	0.0	0.166666666667	0.0	0.0	0.392383288224
YES	0.495370977851	0.666666666667	0.0	0.333333333333	0.25	0.142857142857	0.693553814384
NO	0.680488787247	0.833333333333	0.0	0.25	0.0	0.0	0.902973163409
YES	0.545635222275	0.666666666667	0.0	0.333333333333	0.0909090909091	0.0	0.265947626692
NO	0.386511093199	0.529411764706	0.0	0.0769230769231	0.0	0.0	0.216223491072
YES	0.487902274336	0.866666666667	0.0	0.5	0.333333333333	0.25	0.776044276579
YES	0.528804712646	0.833333333333	0.0	0.428571428571	0.153846153846	0.0833333333333	0.2339446205
NO	0.935787828143	0.818181818182	0.0	0.571428571429	0.333333333333	0.2	0.786819375239
YES	0.597676910283	0.888888888889	0.0	0.2	0.0	0.0	0.908275131405
YES	0.322869294363	0.8125	0.0	0.583333333333	0.454545454545	0.3	0.366381077189
NO	0.0392842753013	0.7	0.0	0.0	0.0	0.0	0.272549385919
YES	0.508791390879	0.8125	0.0	0.636363636364	0.6	0.555555555556	0.712890098916
NO	0.0931015143017	0.5	0.0	0.0	0.0	0.0	0.12546645076
NO	0.143122056392	0.533333333333	0.0	0.0	0.0	0.0	0.284830202418
YES	0.528480826248	0.888888888889	0.0	0.6	0.5	0.333333333333	0.7203820631
YES	1.0	1.0	0.0	1.0	1.0	1.0	1.0
YES	1.0	1.0	0.0	0.5	0.222222222222	0.0	0.693227906718
NO	0.183614320837	0.727272727273	0.0	0.285714285714	0.0	0.0	0.756356431678
NO	0.422997679199	0.35	0.0	0.1	0.0	0.0	0.143967461595
YES	0.576831127114	0.916666666667	0.0	0.375	0.142857142857	0.0	0.744390628765
NO	0.000551852952413	0.625	0.0	0.0	0.0	0.0	0.209394648758
YES	0.116218373011	0.642857142857	0.0	0.2	0.0	0.0	0.382253521968
NO	0.901339463764	0.727272727273	0.0	0.142857142857	0.0	0.0	0.466041458481
NO	0.966452436378	0.733333333333	0.0	0.454545454545	0.4	0.333333333333	0.82468801331
YES	0.600119102053	1.0	0.0	0.428571428571	0.0	0.0	0.552551173065
YES	0.61159537155	0.75	0.0	0.25	0.0909090909091	0.0	0.377449338696
NO	0.0895701616053	0.75	0.0	0.0	0.0	0.0	0.463751368805
NO	0.486448019334	0.567567567568	0.0	0.387096774194	0.3	0.206896551724	0.267877802856
NO	0.338110616148	0.571428571429	0.0	0.0666666666667	0.0	0.0	0.375921368002
YES	0.666259335782	0.846153846154	0.0	0.444444444444	0.25	0.0	0.386040550237
YES	0.694193924793	0.923076923077	0.0	0.777777777778	0.625	0.571428571429	0.634594276306
NO	0.0740767703242	0.727272727273	0.0	0.285714285714	0.0	0.0	0.183708728952
YES	0.543921260922	0.777777777778	0.0	0.0	0.0	0.0	0.604453526152
NO	0.536329568472	1.0	0.0	0.75	0.428571428571	0.166666666667	0.706693082713
NO	0.80173595249	0.833333333333	0.0	0.5	0.285714285714	0.166666666667	0.972295936825
YES	0.332413276967	0.909090909091	0.0	0.428571428571	0.166666666667	0.0	0.575245507527
NO	0.632802627443	0.777777777778	0.0	0.714285714286	0.538461538462	0.416666666667	0.528241606635
YES	0.598325307962	0.7	0.0	0.166666666667	0.0	0.0	0.735150889188
NO	0.660829242799	0.6	0.0	0.0	0.0	0.0	0.141793337861
NO	0.591826146224	0.769230769231	0.0	0.222222222222	0.125	0.0	0.612562028884
NO	0.325380110388	1.0	0.0	0.714285714286	0.666666666667	0.6	0.866704291861
YES	0.402544229857	0.769230769231	0.0	0.333333333333	0.125	0.0	0.767754872901
YES	0.451634024618	0.642857142857	0.0	0.285714285714	0.166666666667	0.0	0.370452953419
YES	0.0776287760079	0.7	0.0	0.0	0.0	0.0	0.0908240852251
NO	0.168201696091	0.769230769231	0.0	0.333333333333	0.125	0.0	0.218665722837
NO	0.736954369282	0.727272727273	0.0	0.285714285714	0.166666666667	0.0	0.846679189626
YES	1.0	0.866666666667	0.0	0.909090909091	0.8	0.666666666667	0.845096158216
YES	0.0909117213879	0.818181818182	0.0	0.0	0.0	0.0	0.286721583668
NO	0.165038060294	0.473684210526	0.0	0.0	0.0	0.0	0.261836678387
YES	0.0630424230758	0.75	0.0	0.25	0.142857142857	0.0	0.40377384746
YES	0.729805058197	0.916666666667	0.0	0.375	0.142857142857	0.0	0.447536076037
NO	0.139084430146	0.414634146341	0.0	0.0322580645161	0.0	0.0	0.0564067909241
YES	0.467042994259	0.818181818182	0.0	0.142857142857	0.0	0.0	0.573403543474
NO	0.287356321839	0.545454545455	0.0	0.0	0.0	0.0	0.371314176577
NO	0.600122286762	0.769230769231	0.0	0.555555555556	0.375	0.285714285714	0.362305931145
NO	0.415013724044	0.769230769231	0.0	0.222222222222	0.125	0.0	0.715030597444
NO	0.00362248091693	0.6	0.0	0.166666666667	0.0	0.0	0.227306048514
NO	0.284954687231	0.636363636364	0.0	0.166666666667	0.0	0.0	0.331578957412
NO	0.449445095057	0.8	0.0	0.545454545455	0.4	0.333333333333	0.354950650738
NO	0.408508586202	0.833333333333	0.0	0.375	0.333333333333	0.285714285714	0.511957611988
YES	0.607607724544	0.75	0.0	0.25	0.0	0.0	0.455043950328
YES	0.475993211527	0.833333333333	0.0	0.25	0.0	0.0	0.470442250257
NO	0.7360215227	0.636363636364	0.0	0.571428571429	0.333333333333	0.2	0.311987610427
YES	0.400187441425	0.625	0.0	0.333333333333	0.0	0.0	0.231551629661
NO	0.331983162653	0.714285714286	0.0	0.333333333333	0.181818181818	0.1	0.236970533211
NO	0.745083497066	0.909090909091	0.0	0.285714285714	0.166666666667	0.0	0.653612823239
NO	0.217423203692	0.714285714286	0.0	0.1	0.0	0.0	0.12851699014
YES	0.368669180097	0.818181818182	0.0	0.571428571429	0.333333333333	0.2	0.714419477286
YES	0.196319655483	0.727272727273	0.0	0.142857142857	0.0	0.0	0.550025662049
YES	0.00238078941025	0.615384615385	0.0	0.125	0.0	0.0	0.12526756406
YES	0.322144017325	0.8	0.0	0.166666666667	0.0	0.0	0.738268406475
YES	0.95314194829	0.8	0.0	0.636363636364	0.5	0.444444444444	0.356718007803
YES	0.729594367012	0.947368421053	0.0	0.785714285714	0.692307692308	0.583333333333	0.553222327731
NO	0.240321508219	0.592592592593	0.0	0.0	0.0	0.0	0.235913417141
NO	0.327157809696	0.6875	0.0	0.12	0.0	0.0	0.287688561906
NO	0.010857730041	0.5	0.0	0.0	0.0	0.0	0.0659344331588
YES	0.275832952114	0.6	0.0	0.0909090909091	0.0	0.0	0.242727383715
YES	0.482379672156	0.888888888889	0.0	0.0	0.0	0.0	0.625544961701
NO	0.663123689792	0.769230769231	0.0	0.444444444444	0.25	0.0	0.691545764066
YES	0.50607969192	0.833333333333	0.0	0.4	0.315789473684	0.222222222222	0.52121801685
YES	0.666589234584	0.888888888889	0.0	0.2	0.0	0.0	0.751231282576
NO	0.625420875421	0.666666666667	0.0	0.2	0.0	0.0	0.285975474799
NO	0.209434430633	0.466666666667	0.0	0.0	0.0	0.0	0.326457300523
NO	0.587578116806	0.789473684211	0.0	0.6	0.5	0.384615384615	0.520321255653
NO	0.494732421227	0.583333333333	0.0	0.0	0.0	0.0	0.655321860372
YES	0.02651571921	0.666666666667	0.0	0.125	0.0	0.0	0.148762507693
NO	0.283093999652	0.5	0.0	0.25	0.142857142857	0.0	0.108560815667
NO	0.600212501726	0.888888888889	0.0	0.2	0.0	0.0	0.64297889425
NO	0.0	0.25	0.0	0.0	0.0	0.0	0.162428010422
YES	0.0615595075239	0.888888888889	0.0	0.4	0.25	0.0	0.387311458672
YES	0.359081920547	0.785714285714	0.0	0.5	0.333333333333	0.125	0.713363546421
NO	0.322536759138	0.909090909091	0.0	0.285714285714	0.0	0.0	0.684788337628
YES	0.144552236724	0.7	0.0	0.166666666667	0.0	0.0	0.553402182488
NO	0.691708796641	0.866666666667	0.0	0.545454545455	0.4	0.222222222222	0.650443480264
YES	0.0942750188487	0.9	0.0	0.0	0.0	0.0	0.734461640933
NO	0.333438469115	1.0	0.0	0.2	0.0	0.0	0.39576599552
YES	0.614498993445	1.0	0.0	0.666666666667	0.5	0.285714285714	0.900274291306
NO	0.0402172588397	0.357142857143	0.0	0.0434782608696	0.0	0.0	0.0331339619574
YES	0.121336182337	0.818181818182	0.0	0.0	0.0	0.0	0.444540698435
YES	0.325517274928	1.0	0.0	0.714285714286	0.666666666667	0.6	1.0
YES	0.662876434892	0.769230769231	0.0	0.333333333333	0.25	0.142857142857	0.741393787437
NO	0.00831785010659	0.416666666667	0.0	0.0	0.0	0.0	0.0363753623475
YES	0.116842611476	0.785714285714	0.0	0.3	0.111111111111	0.0	0.348068872016
YES	0.243074540247	0.4375	0.0	0.1	0.0	0.0	0.291943065869
YES	0.475135010622	0.692307692308	0.0	0.333333333333	0.25	0.142857142857	0.192480250917
NO	0.698481323513	0.888888888889	0.0	0.4	0.25	0.0	0.561883606372
YES	0.434471259296	0.6	0.0	0.333333333333	0.1	0.0526315789474	0.194842428212
NO	0.351563156118	1.0	0.0	0.428571428571	0.166666666667	0.0	0.764681811602
YES	0.569461469088	0.785714285714	0.0	0.3	0.222222222222	0.125	0.385698632847
NO	0.0271717656753	0.833333333333	0.0	0.25	0.142857142857	0.0	0.445452871375
NO	0.0415660444833	0.5	0.0	0.0	0.0	0.0	0.167479897077
YES	0.394118483284	0.666666666667	0.0	0.25	0.142857142857	0.0	0.324336275334
NO	0.527265123411	0.888888888889	0.0	0.2	0.0	0.0	0.581770359444
YES	0.506790968686	1.0	0.0	0.666666666667	0.375	0.142857142857	0.620389725795
NO	0.120426974247	0.636363636364	0.0	0.0	0.0	0.0	0.595772499836
NO	0.556034482759	0.875	0.0	0.5	0.333333333333	0.0	0.900581299115
YES	0.119061358035	0.916666666667	0.0	0.375	0.285714285714	0.166666666667	0.905969876254
YES	0.0943824625305	0.866666666667	0.0	0.272727272727	0.2	0.111111111111	0.436407991206
NO	0.491327763645	0.857142857143	0.0	0.4	0.222222222222	0.125	0.737051988683
YES	0.341262011224	1.0	0.0	0.25	0.0	0.0	0.48223784222
YES	0.121728438433	0.75	0.0	0.0	0.0	0.0	0.432005454061
YES	0.982137548909	0.875	0.0	0.75	0.636363636364	0.5	0.656343626386
YES	0.438696768428	0.705882352941	0.0	0.461538461538	0.25	0.181818181818	0.576507002623
YES	0.76104542626	1.0	0.0	0.75	0.571428571429	0.5	0.731156897972
YES	0.962219575221	0.846153846154	0.0	0.555555555556	0.375	0.285714285714	0.714345136921
YES	0.460105462894	0.928571428571	0.0	0.7	0.444444444444	0.375	0.752070233847
YES	0.0898814949863	0.461538461538	0.0	0.0	0.0	0.0	0.105753902408
YES	0.784358690495	0.888888888889	0.0	0.2	0.0	0.0	0.499007972234
NO	0.0767250356899	0.432432432432	0.0	0.212121212121	0.125	0.0645161290323	0.12589657604
YES	0.66408504726	0.823529411765	0.0	0.384615384615	0.333333333333	0.272727272727	0.434095705621
YES	0.0554858823334	0.7	0.0	0.0	0.0	0.0	0.72171319945
NO	0.324420252705	0.642857142857	0.0	0.3	0.111111111111	0.0	0.32756939023
NO	0.375701459035	0.777777777778	0.0	0.2	0.0	0.0	0.430486786472
YES	0.592289013268	0.857142857143	0.0	0.5	0.333333333333	0.25	0.531203347556
YES	0.630216501642	1.0	0.0	0.85	0.736842105263	0.666666666667	0.720413117314
YES	0.307130746435	0.545454545455	0.0	0.142857142857	0.0	0.0	0.496143868542
NO	0.435127181836	0.533333333333	0.0	0.0909090909091	0.0	0.0	0.0799622446721
NO	0.117692296946	0.285714285714	0.0	0.0454545454545	0.0	0.0	0.144927851815
NO	0.498740136415	0.5	0.0	0.0	0.0	0.0	0.0168869659048
NO	0.191846598611	0.916666666667	0.0	0.375	0.285714285714	0.166666666667	0.741362905325
YES	0.283410134917	0.888888888889	0.0	0.2	0.0	0.0	0.605524465626
YES	0.184640584633	0.833333333333	0.0	0.375	0.0	0.0	0.536163103036
NO	0.00878271561567	0.875	0.0	0.0	0.0	0.0	0.238830889204
NO	0.660703269587	0.666666666667	0.0	0.0	0.0	0.0	0.143683292621
NO	0.165317380139	0.7	0.0	0.333333333333	0.2	0.0	0.623488369672
NO	0.309795463479	0.538461538462	0.0	0.111111111111	0.0	0.0	0.501035703804
YES	0.818498610919	0.952380952381	0.0	0.722222222222	0.588235294118	0.4375	0.734804946277
NO	0.0735864012189	0.4	0.0	0.0	0.0	0.0	0.138407883401
NO	0.543025826042	1.0	0.0	0.5	0.4	0.25	0.7082835068
YES	0.733077861389	0.769230769231	0.0	0.444444444444	0.25	0.142857142857	0.848518731606
YES	0.0571041615452	0.466666666667	0.0	0.0	0.0	0.0	0.162201510241
NO	0.923385242371	0.857142857143	0.0	0.5	0.111111111111	0.0	0.575674281449
NO	0.610546962985	0.692307692308	0.0	0.333333333333	0.125	0.0	0.290951122014
NO	0.442930153322	0.75	0.0	0.0	0.0	0.0	0.33096417579
NO	0.0275292816472	0.51724137931	0.0	0.130434782609	0.0	0.0	0.045887721554
YES	0.00413387830515	0.6	0.0	0.0	0.0	0.0	0.232272287156
YES	0.520278245883	0.727272727273	0.0	0.384615384615	0.25	0.0909090909091	0.377589756897
NO	0.608743502209	0.583333333333	0.0	0.125	0.0	0.0	0.0807355982099
NO	0.0687028228216	0.421052631579	0.0	0.0	0.0	0.0	0.119172329115
NO	0.375404839026	0.833333333333	0.0	0.375	0.142857142857	0.0	0.830035667082
YES	0.764705882353	1.0	0.0	0.8	0.75	0.666666666667	1.0
NO	0.987067755829	0.818181818182	0.0	0.428571428571	0.166666666667	0.0	0.585570131525
YES	0.13829787234	0.875	0.0	0.0	0.0	0.0	0.535039044671
YES	0.660703269587	0.666666666667	0.0	0.2	0.0	0.0	0.143683292621
YES	0.404760705916	0.846153846154	0.0	0.333333333333	0.125	0.0	0.655102159618
NO	0.682113013499	0.888888888889	0.0	0.6	0.25	0.0	0.122157768978
NO	0.112141951287	0.642857142857	0.0	0.0	0.0	0.0	0.296753034841
NO	0.00558621113297	0.407407407407	0.0	0.0	0.0	0.0	0.0160379197195
YES	0.676246095399	0.9	0.0	0.166666666667	0.0	0.0	0.254643575494
YES	0.00328321456553	0.444444444444	0.0	0.142857142857	0.0	0.0	0.163392920433
YES	0.0726321191183	0.791666666667	0.0	0.352941176471	0.125	0.0	0.218164793874
NO	0.123913299744	0.56	0.0	0.151515151515	0.03125	0.0	0.135142724938
NO	0.375255796499	0.785714285714	0.0	0.3	0.0	0.0	0.492912712207
NO	0.473086984833	0.7	0.0	0.166666666667	0.0	0.0	0.381385834564
YES	0.0665434380776	0.777777777778	0.0	0.2	0.0	0.0	0.237276246272
YES	0.148039890214	0.8	0.0	0.125	0.0	0.0	0.777914339971
YES	0.772433449805	0.75	0.0	0.375	0.142857142857	0.0	0.475716467051
YES	0.300184477631	0.777777777778	0.0	0.0	0.0	0.0	0.244826426139
YES	0.00198258937426	0.666666666667	0.0	0.125	0.0	0.0	0.399784765763
YES	0.268163674163	0.68	0.0	0.333333333333	0.214285714286	0.153846153846	0.145242799535
YES	0.600945347648	0.9	0.0	0.5	0.2	0.0	0.909839075077
NO	0.169509612941	0.625	0.0	0.0	0.0	0.0	0.207610522232
YES	0.0924711481749	0.9	0.0	0.333333333333	0.2	0.0	0.657268705897
NO	0.704896768604	0.75	0.0	0.25	0.142857142857	0.0	0.781647738911
NO	0.829647738638	0.785714285714	0.0	0.7	0.555555555556	0.375	0.328016659243
YES	0.372780958504	0.818181818182	0.0	0.428571428571	0.333333333333	0.2	0.22803379695
YES	0.762052301153	1.0	0.0	0.714285714286	0.5	0.4	1.0
YES	0.419986565841	1.0	0.0	0.5	0.428571428571	0.333333333333	0.954725226016
NO	0.241237975742	0.666666666667	0.0	0.125	0.0	0.0	0.705180085582
YES	0.331194838411	0.7	0.0	0.166666666667	0.0	0.0	0.638008381212
NO	0.0423636294595	0.8	0.0	0.0	0.0	0.0	0.447621461819
YES	0.0	0.625	0.0	0.0	0.0	0.0	0.206928242522
NO	0.307496343815	0.5	0.0	0.047619047619	0.0	0.0	0.113062074885
YES	0.504681964506	0.909090909091	0.0	0.142857142857	0.0	0.0	0.750282291577
NO	0.598932282943	0.7	0.0	0.166666666667	0.0	0.0	0.569151030475
YES	0.846819115573	1.0	0.0	0.75	0.636363636364	0.5	0.799702653013
NO	0.0123119015048	0.444444444444	0.0	0.2	0.0	0.0	0.0427809831215
YES	0.426956604699	0.642857142857	0.0	0.3	0.222222222222	0.125	0.438746809567
YES	0.110071091119	0.7	0.0	0.333333333333	0.2	0.0	0.463543827582
NO	0.0	0.545454545455	0.0	0.0	0.0	0.0	0.258021965871
YES	0.588451532463	0.833333333333	0.0	0.25	0.142857142857	0.0	0.590953713907
NO	0.130350650847	0.642857142857	0.0	0.0666666666667	0.0344827586207	0.0	0.0647355097763
YES	0.520069884942	1.0	0.0	0.6	0.25	0.0	0.789631226037
NO	0.642266675687	0.928571428571	0.0	0.3	0.0	0.0	0.481770211276
NO	0.275791940237	0.448275862069	0.0	0.08	0.0	0.0	0.222004774717
YES	0.68687687948	0.739130434783	0.0	0.684210526316	0.555555555556	0.470588235294	0.494347131524
NO	0.368695819083	0.575757575758	0.0	0.25	0.185185185185	0.115384615385	0.120626222519
NO	0.855250357596	0.941176470588	0.0	0.615384615385	0.5	0.363636363636	0.795747930185
NO	0.239062153044	0.833333333333	0.0	0.5	0.285714285714	0.0	0.900454555673
YES	0.999302110632	0.857142857143	0.0	0.5	0.444444444444	0.375	0.453859695699
NO	0.00878271561567	0.5	0.0	0.5	0.333333333333	0.0	0.0310609127792
YES	0.119552108931	0.916666666667	0.0	0.25	0.142857142857	0.0	0.271337423557
YES	0.877804470172	0.636363636364	0.0	0.142857142857	0.0	0.0	0.396426678211
NO	0.199234374565	0.591836734694	0.0	0.166666666667	0.0857142857143	0.0	0.203883823363
YES	0.609284418286	0.909090909091	0.0	0.285714285714	0.0	0.0	0.760226646673
NO	0.259428860749	0.888888888889	0.0	0.0	0.0	0.0	0.722115251763
YES	0.451442930298	0.75	0.0	0.25	0.0	0.0	0.43164774813
NO	0.0931015143017	0.6	0.0	0.166666666667	0.0	0.0	0.176153083804
NO	0.0393234855828	0.75	0.0	0.0	0.0	0.0	0.664743380678
NO	0.210416835211	0.9	0.0	0.666666666667	0.6	0.5	0.806505910748
NO	0.940332289318	0.818181818182	0.0	0.285714285714	0.0	0.0	0.568721136493
NO	0.00214786903052	0.5	0.0	0.0	0.0	0.0	0.19916402954
NO	0.338550732707	0.7	0.0	0.142857142857	0.0	0.0	0.530124673431
NO	0.623060461533	0.909090909091	0.0	0.428571428571	0.333333333333	0.2	0.617416036491
YES	0.795401889416	0.928571428571	0.0	0.7	0.555555555556	0.5	0.917405625043
NO	0.571102227299	0.777777777778	0.0	0.2	0.0	0.0	0.939620850167
NO	0.557508886498	0.85	0.0	0.1	0.0	0.0	0.591977561626
NO	0.487074324422	1.0	0.0	0.555555555556	0.375	0.142857142857	0.891088679716
NO	0.0924711481749	0.9	0.0	0.166666666667	0.0	0.0	0.991193200152
NO	0.212808822943	0.466666666667	0.0	0.0434782608696	0.0	0.0	0.0481955381793
YES	0.104296253436	0.888888888889	0.0	0.2	0.0	0.0	0.785142922122
NO	0.476824406186	0.916666666667	0.0	0.25	0.0	0.0	0.557402177647
YES	0.666550451197	0.444444444444	0.0	0.0	0.0	0.0	0.00652902892303
YES	0.460022093966	0.571428571429	0.0	0.2	0.0	0.0	0.213765480056
YES	0.210416835211	1.0	0.0	0.333333333333	0.0	0.0	0.745978540954
NO	0.159466355431	0.589743589744	0.0	0.285714285714	0.222222222222	0.192307692308	0.178214867042
YES	0.56989116254	0.78125	0.0	0.434782608696	0.318181818182	0.190476190476	0.551129314834
NO	0.248842330216	0.714285714286	0.0	0.125	0.0	0.0	0.439235242988
YES	0.332772923269	0.777777777778	0.0	0.2	0.0	0.0	0.493090214164
YES	0.55572152432	0.933333333333	0.0	0.333333333333	0.25	0.142857142857	0.444230710543
YES	0.624284522401	0.818181818182	0.0	0.428571428571	0.333333333333	0.2	0.850820458983
YES	0.190694214335	0.214285714286	0.0	0.0	0.0	0.0	0.00113880854875
YES	0.332564624046	0.764705882353	0.0	0.5	0.454545454545	0.4	0.450354202688
YES	0.401012501136	0.826086956522	0.0	0.333333333333	0.142857142857	0.0769230769231	0.343820495776
YES	0.805000602215	0.846153846154	0.0	0.555555555556	0.375	0.142857142857	0.662334238847
YES	0.429160597679	0.928571428571	0.0	0.6	0.555555555556	0.5	0.725504656408
YES	0.625109831104	0.636363636364	0.0	0.428571428571	0.166666666667	0.0	0.134319037718
YES	0.839138183365	0.9375	0.0	0.5	0.272727272727	0.1	0.53456752242
NO	0.353768336995	0.529411764706	0.0	0.0	0.0	0.0	0.139695755584
YES	0.332736397136	0.8	0.0	0.333333333333	0.2	0.0	0.54400429303
NO	0.563238528053	0.909090909091	0.0	0.0	0.0	0.0	0.805217682012
NO	0.0393234855828	0.5	0.0	0.0	0.0	0.0	0.20396679712
NO	0.0	0.857142857143	0.0	0.0	0.0	0.0	0.500384938107
YES	0.500549450549	0.833333333333	0.0	0.375	0.285714285714	0.166666666667	0.445787772468
NO	0.570109919239	0.785714285714	0.0	0.4	0.222222222222	0.0	0.501177943233
NO	0.921095008052	0.846153846154	0.0	0.555555555556	0.375	0.142857142857	0.94302987278
YES	0.494993397539	0.666666666667	0.0	0.25	0.0666666666667	0.0	0.246429003368
YES	0.701778385773	0.444444444444	0.0	0.4	0.25	0.0	0.0442623445179
NO	0.273577729572	0.525	0.0	0.161290322581	0.0666666666667	0.0344827586207	0.313272975634
YES	0.500641235759	1.0	0.0	0.571428571429	0.333333333333	0.2	0.783196378827
YES	0.599633961308	0.818181818182	0.0	0.285714285714	0.0	0.0	0.769433663763
NO	0.123006958686	0.433333333333	0.0	0.0454545454545	0.0	0.0	0.265391136404
NO	0.203298806474	1.0	0.0	0.6	0.5	0.333333333333	0.528235947444
YES	0.452248666673	0.785714285714	0.0	0.428571428571	0.333333333333	0.2	0.852917373728
YES	0.0290269738895	0.8	0.0	0.285714285714	0.166666666667	0.0	0.972176586794
YES	0.444444444444	1.0	0.0	0.25	0.0	0.0	1.0
YES	0.495878958995	0.416666666667	0.0	0.375	0.142857142857	0.0	0.306587696129
NO	0.0438832509242	0.428571428571	0.0	0.0	0.0	0.0	0.230116733783
YES	0.586596820004	0.8	0.0	0.454545454545	0.3	0.222222222222	0.51721290286
NO	0.605856900607	0.846153846154	0.0	0.333333333333	0.125	0.0	0.454045222032
YES	0.417351009343	0.772727272727	0.0	0.470588235294	0.375	0.266666666667	0.651890743145
NO	0.218097159642	0.3125	0.0	0.0	0.0	0.0	0.0500620977827
YES	0.999703249318	1.0	0.0	0.888888888889	0.75	0.571428571429	1.0
NO	0.316567581271	0.545454545455	0.0	0.142857142857	0.0	0.0	0.126942698691
YES	0.557824630658	0.733333333333	0.0	0.272727272727	0.1	0.0	0.488527903256
YES	0.0703222175167	0.6	0.0	0.0	0.0	0.0	0.0492646686823
YES	0.249737670514	0.9	0.0	0.166666666667	0.0	0.0	0.499906524432
NO	0.240712052992	0.588235294118	0.0	0.0	0.0	0.0	0.0510164063664
NO	0.665261927206	0.75	0.0	0.375	0.142857142857	0.0	0.79883654789
NO	0.997109373323	0.875	0.0	0.5	0.333333333333	0.0	0.854540119486
NO	0.51724137931	0.714285714286	0.0	0.2	0.0	0.0	0.390957761477
YES	0.50036823513	1.0	0.0	0.333333333333	0.0	0.0	0.904400901312
NO	0.422232888656	0.923076923077	0.0	0.333333333333	0.125	0.0	0.738636562266
NO	0.0770975056689	0.25	0.0	0.0	0.0	0.0	0.162428010422
NO	0.62526058277	0.909090909091	0.0	0.285714285714	0.166666666667	0.0	0.639345029459
NO	0.464025513021	0.666666666667	0.0	0.272727272727	0.1	0.0	0.438915153848
NO	0.312230492982	0.846153846154	0.0	0.333333333333	0.125	0.0	0.593747451317
NO	0.0349866144383	0.727272727273	0.0	0.285714285714	0.166666666667	0.0	0.217852144739
NO	0.502640006145	0.6	0.0	0.0	0.0	0.0	0.609793961967
NO	0.337632206771	0.5	0.0	0.0	0.0	0.0	0.217904164822
YES	0.353843615968	0.6	0.0	0.0	0.0	0.0	0.224885279589
YES	0.218078803655	0.8	0.0	0.272727272727	0.1	0.0	0.312177766381
YES	0.59975888505	0.909090909091	0.0	0.571428571429	0.333333333333	0.2	0.615779727006
YES	0.374527793664	0.55	0.0	0.230769230769	0.0	0.0	0.111571073272
NO	0.114684397235	0.464285714286	0.0	0.05	0.0	0.0	0.196392376689
NO	0.585894709422	0.6	0.0	0.0	0.0	0.0	0.391165471472
YES	0.786006466525	0.909090909091	0.0	0.571428571429	0.5	0.4	0.56951201173
YES	0.308210357544	0.727272727273	0.0	0.142857142857	0.0	0.0	0.362440771609
NO	0.908266949708	0.8125	0.0	0.583333333333	0.454545454545	0.3	0.638661279482
YES	0.486550325163	0.5625	0.0	0.0833333333333	0.0	0.0	0.196279310305
YES	0.160736231935	0.65	0.0	0.25	0.133333333333	0.0714285714286	0.74908801428
YES	0.72617716137	0.826086956522	0.0	0.5	0.352941176471	0.1875	0.358123762178
NO	0.323914283926	0.583333333333	0.0	0.25	0.142857142857	0.0	0.0624527670576
YES	0.455932739287	0.833333333333	0.0	0.375	0.0	0.0	0.522365302644
NO	0.434353525891	0.611111111111	0.0	0.272727272727	0.1	0.0	0.236231567273
YES	0.314465408805	0.846153846154	0.0	0.444444444444	0.25	0.142857142857	0.48950775162
YES	0.0471587821073	0.75	0.0	0.125	0.0	0.0	0.228553339808
NO	0.955528331286	0.769230769231	0.0	0.555555555556	0.375	0.285714285714	0.805875428303
YES	0.249414908204	0.75	0.0	0.25	0.0909090909091	0.0	0.424393633192
NO	0.485176888184	0.5	0.0	0.4375	0.322580645161	0.2	0.0614635352887
YES	0.614865906169	0.6	0.0	0.272727272727	0.1	0.0	0.260407099296
NO	0.405053154179	0.9375	0.0	0.454545454545	0.3	0.111111111111	0.772337396464
YES	0.344631357949	1.0	0.0	0.333333333333	0.2	0.0	0.625306845739
NO	0.642266675687	0.785714285714	0.0	0.3	0.0	0.0	0.437560976209
YES	0.476709239327	0.722222222222	0.0	0.571428571429	0.461538461538	0.333333333333	0.372950593952
YES	0.48686489363	0.689655172414	0.0	0.409090909091	0.285714285714	0.1	0.179633939279
YES	0.499030563764	0.576923076923	0.0	0.0625	0.0	0.0	0.358493080492
NO	0.0895701616053	0.75	0.0	0.0	0.0	0.0	0.262759356932
NO	0.201940167938	1.0	0.0	0.5	0.142857142857	0.0	0.729706094946
NO	0.260273972603	0.666666666667	0.0	0.2	0.0	0.0	0.0693364040366
NO	0.0488523757093	0.5	0.0	0.0	0.0	0.0	0.169918482209
NO	0.00853687330744	0.416666666667	0.0	0.0	0.0	0.0	0.0363753623475
YES	0.112225882665	0.8	0.0	0.5	0.4	0.25	0.682336578678
NO	0.156330385356	0.541666666667	0.0	0.0	0.0	0.0	0.22759451983
NO	0.0123119015048	0.444444444444	0.0	0.2	0.0	0.0	0.0442623445179
NO	0.464360831714	0.321428571429	0.0	0.181818181818	0.142857142857	0.1	0.127991188859
YES	0.415026833631	0.818181818182	0.0	0.428571428571	0.333333333333	0.2	0.198336397118
NO	0.0541992424884	0.6	0.0	0.1	0.0	0.0	0.15518842115
NO	0.605422065669	0.727272727273	0.0	0.285714285714	0.166666666667	0.0	0.827216605209
NO	0.381749508208	0.818181818182	0.0	0.428571428571	0.166666666667	0.0	0.507947819407
YES	0.655959005156	0.833333333333	0.0	0.5	0.285714285714	0.166666666667	0.973592432771
YES	0.426066197252	0.782608695652	0.0	0.5	0.333333333333	0.142857142857	0.107706530938
YES	0.907459338194	1.0	0.0	0.5	0.2	0.0	0.875174709667
NO	0.593295903279	0.666666666667	0.0	0.222222222222	0.125	0.0	0.759160884646
YES	0.999263425547	0.923076923077	0.0	0.666666666667	0.5	0.428571428571	0.60623492671
NO	0.0582326684469	0.466666666667	0.0	0.272727272727	0.2	0.111111111111	0.303200780406
NO	0.324844137244	0.777777777778	0.0	0.142857142857	0.0	0.0	0.577842406258
YES	0.183720047573	0.75	0.0	0.25	0.0	0.0	0.533284138091
NO	0.333572953104	0.727272727273	0.0	0.0	0.0	0.0	0.297227338151
YES	0.981263011797	0.8	0.0	0.5	0.2	0.0	0.579743087685
YES	0.122699386503	0.333333333333	0.0	0.0	0.0	0.0	0.195353170847
YES	0.625082419497	0.882352941176	0.0	0.0909090909091	0.0	0.0	0.440830326234
YES	0.315162977949	1.0	0.0	0.7	0.444444444444	0.25	0.74354323659
YES	0.0565039719175	0.5	0.0	0.0	0.0	0.0	0.241508991318
YES	0.0	0.625	0.0	0.0	0.0	0.0	0.497093504427
NO	0.580388578982	0.733333333333	0.0	0.181818181818	0.1	0.0	0.397271469785
NO	0.940332289318	0.818181818182	0.0	0.285714285714	0.0	0.0	0.575132771391
YES	0.296629839501	0.5625	0.0	0.0714285714286	0.0	0.0	0.213985575908
YES	0.538554402854	0.416666666667	0.0	0.0	0.0	0.0	0.127212184524
NO	0.332842148803	0.777777777778	0.0	0.0	0.0	0.0	0.510554836154
NO	0.45265595152	0.642857142857	0.0	0.428571428571	0.333333333333	0.2	0.290385363515
NO	0.00359384230375	0.545454545455	0.0	0.142857142857	0.0	0.0	0.252093458862
YES	0.118641483866	0.625	0.0	0.0	0.0	0.0	0.169918482209
YES	0.383985532782	0.818181818182	0.0	0.285714285714	0.0	0.0	0.828576339237
YES	0.280574177472	0.909090909091	0.0	0.285714285714	0.0	0.0	0.612139273093
NO	0.676246095399	0.9	0.0	0.333333333333	0.2	0.0	0.368670630589
YES	0.105351234659	0.846153846154	0.0	0.333333333333	0.25	0.142857142857	0.272530960765
YES	0.229198638909	0.692307692308	0.0	0.368421052632	0.166666666667	0.0588235294118	0.484110621313
NO	0.796497351706	0.846153846154	0.0	0.555555555556	0.125	0.0	0.40296132767
YES	0.469186689454	0.818181818182	0.0	0.428571428571	0.166666666667	0.0	0.823020865989
NO	0.192520811151	0.638888888889	0.0	0.04	0.0	0.0	0.0975695387618
NO	0.100288121202	0.727272727273	0.0	0.0	0.0	0.0	0.79960513507
NO	1.0	1.0	0.0	0.142857142857	0.0	0.0	0.588928008106
YES	0.885910248998	0.9375	0.0	0.75	0.636363636364	0.6	0.744085340205
YES	0.12205050827	0.727272727273	0.0	0.285714285714	0.0	0.0	0.61597033168
YES	0.117897575364	0.705882352941	0.0	0.4	0.222222222222	0.125	0.342892210227
NO	0.0502466760225	0.75	0.0	0.0	0.0	0.0	0.457815138156
YES	0.66336582669	0.888888888889	0.0	0.2	0.0	0.0	0.853440973259
NO	0.268962092452	0.615384615385	0.0	0.0	0.0	0.0	0.123197911616
NO	0.130511154049	0.75	0.0	0.0	0.0	0.0	0.238830889204
NO	0.332772923269	0.777777777778	0.0	0.2	0.0	0.0	0.762593454864
YES	0.724792351145	0.933333333333	0.0	0.727272727273	0.6	0.444444444444	0.706237123052
NO	0.738320712051	0.769230769231	0.0	0.111111111111	0.0	0.0	0.49102219433
NO	0.000842907110536	0.5	0.0	0.0	0.0	0.0	0.144083882798
NO	0.292778704152	0.44	0.0	0.133333333333	0.0714285714286	0.0	0.0523999036294
NO	0.280329000598	0.909090909091	0.0	0.428571428571	0.166666666667	0.0	0.561992691352
YES	0.513164511732	0.653846153846	0.0	0.352941176471	0.1875	0.0666666666667	0.66814058373
NO	0.119061358035	0.833333333333	0.0	0.25	0.0	0.0	0.475127260135
YES	0.503053994501	0.764705882353	0.0	0.230769230769	0.0833333333333	0.0	0.41330140438
YES	0.568466960907	0.727272727273	0.0	0.142857142857	0.0	0.0	0.344969430001
NO	0.0123119015048	0.444444444444	0.0	0.2	0.0	0.0	0.0442623445179
YES	0.130511154049	0.75	0.0	0.25	0.0	0.0	0.267163158716
NO	0.962648965828	0.727272727273	0.0	0.285714285714	0.166666666667	0.0	0.743982982747
YES	0.120330470659	0.833333333333	0.0	0.125	0.0	0.0	0.570912400162
YES	0.840756336513	0.7	0.0	0.5	0.4	0.25	0.435907819805
NO	0.0369931285921	0.263157894737	0.0	0.0	0.0	0.0	0.0907352115229
YES	0.131525696517	0.25	0.0	0.0	0.0	0.0	0.00264503229717
YES	0.324625503463	0.59375	0.0	0.176470588235	0.0	0.0	0.0841648589606
NO	0.390697800612	1.0	0.0	0.428571428571	0.333333333333	0.2	0.742068553078
NO	0.00198258937426	0.583333333333	0.0	0.0	0.0	0.0	0.224770454769
YES	0.155442827221	0.619047619048	0.0	0.142857142857	0.0	0.0	0.347802364062
NO	0.670140239215	0.882352941176	0.0	0.692307692308	0.583333333333	0.454545454545	0.938905035967
NO	0.418448909921	0.818181818182	0.0	0.0	0.0	0.0	0.881318529402
YES	0.92658358538	0.666666666667	0.0	0.285714285714	0.153846153846	0.0	0.590831544462
NO	0.391963433939	0.357142857143	0.0	0.1	0.0	0.0	0.139548159021
YES	0.38890207384	0.6875	0.0	0.0833333333333	0.0	0.0	0.651903766022
NO	0.193619892819	0.451612903226	0.0	0.0	0.0	0.0	0.0740895720112
YES	0.919417676713	0.827586206897	0.0	0.913043478261	0.863636363636	0.809523809524	0.273033840631
NO	0.62388072382	0.708333333333	0.0	0.235294117647	0.0625	0.0	0.515531140696
NO	0.0318885617462	0.447368421053	0.0	0.137931034483	0.0714285714286	0.037037037037	0.0297854713681
YES	0.0924711481749	0.8	0.0	0.333333333333	0.2	0.0	0.932481201162
YES	0.721645219401	0.923076923077	0.0	0.555555555556	0.5	0.428571428571	0.922315243458
YES	0.00080770127007	0.444444444444	0.0	0.0	0.0	0.0	0.00454435418546
NO	0.576808647666	0.928571428571	0.0	0.4	0.222222222222	0.125	0.756535981441
NO	0.286033020973	0.888888888889	0.0	0.4	0.0	0.0	0.448984022552
YES	0.190694214335	0.285714285714	0.0	0.0	0.0	0.0	0.148945921695
YES	0.329995550349	0.5	0.0	0.125	0.0	0.0	0.146354197662
YES	0.439374735953	0.75	0.0	0.25	0.142857142857	0.0	0.593904731232
NO	0.0	0.5	0.0	0.0	0.0	0.0	0.165746354074
NO	0.35504413702	0.583333333333	0.0	0.0606060606061	0.0	0.0	0.303510997306
YES	0.698576132152	1.0	0.0	0.625	0.428571428571	0.333333333333	0.799404721261
YES	0.731454044218	0.705882352941	0.0	0.272727272727	0.2	0.111111111111	0.858778050762
NO	0.0393234855828	0.75	0.0	0.0	0.0	0.0	0.664743380678
NO	0.77297431726	0.909090909091	0.0	0.777777777778	0.647058823529	0.5625	0.513466161033
NO	0.0618609925831	0.333333333333	0.0	0.037037037037	0.0	0.0	0.0593648203284
NO	0.998969038705	0.75	0.0	0.5	0.428571428571	0.333333333333	0.250488511944
NO	0.326098404981	0.4	0.0	0.0	0.0	0.0	0.224794525785
YES	0.49704364412	0.75	0.0	0.0	0.0	0.0	0.647053274343
NO	0.953553931483	0.9	0.0	0.5	0.4	0.25	0.584309373475
YES	0.87414500684	0.777777777778	0.0	0.4	0.25	0.0	0.400016981418
YES	0.760996937608	0.857142857143	0.0	0.647058823529	0.5625	0.466666666667	0.646420856066
YES	0.228882753317	0.6875	0.0	0.0909090909091	0.0	0.0	0.276492571505
NO	0.175558649232	0.733333333333	0.0	0.0909090909091	0.0	0.0	0.668930298478
YES	0.315591620974	0.909090909091	0.0	0.428571428571	0.166666666667	0.0	0.32833431637
YES	0.498008425565	0.818181818182	0.0	0.285714285714	0.0	0.0	0.711779407059
NO	0.00105219945077	0.318181818182	0.0	0.0	0.0	0.0	0.00342268558282
YES	0.269592884034	0.681818181818	0.0	0.153846153846	0.0833333333333	0.0	0.264163804213
NO	0.574321748938	0.47619047619	0.0	0.142857142857	0.0	0.0	0.221747287345
